Tcoll: 2469005.19714 yr
Key1: [12831935809347550825]
Key2: [14743459876550363079]
M1: [40000000.0] MSun
M2: [1.0] MSun
Semi-major axis: 7250.57035093 au
Eccentricity: 0.999673109900055
Inclination: -4.02642826216132 deg
Argument of Periapsis: 55.57398267712992 deg
Longitude of Asc. Node: -10.84102664907956 deg
True Anomaly: 68.66323587133635 deg

